WK 271984763151613 2391778 24 0 0 swapper/24
NI 271984763196957 0 0
WK 271984763207366 2391956 6 0 0 swapper/6
RN 271984763208468 2391956 6
U0 271984763211494 2391956
MSI 271984763212316 2391956 4276285452
U0 271984763214379 2391956
MSI 271984763215051 2391956 4276285452
U0 271984763216363 2391956
WK 271984763216614 2391785 12 0 0 swapper/12
MSI 271984763217024 2391956 4276285452
U0 271984763218888 2391956
MSI 271984763219639 2391956 4276285452
U0 271984763221312 2391956
MSI 271984763221963 2391956 4276285452
U0 271984763223707 2391956
MSI 271984763224368 2391956 4276285452
U0 271984763225981 2391956
MSI 271984763226642 2391956 4276285452
U0 271984763228225 2391956
MSI 271984763228876 2391956 4276285452
U0 271984763230399 2391956
MSI 271984763231050 2391956 4276285452
WK 271984763242762 2391792 31 0 0 swapper/31
WK 271984763252159 2391788 29 0 0 swapper/29
WK 271984763274120 2391811 30 0 0 swapper/30
RN 271984763276615 2391811 30
WK 271984763292053 2391811 30 0 0 swapper/30
RN 271984763294538 2391811 30
U0 271984763298686 2391811
MSI 271984763299457 2391811 4276219916
WK 271984763510438 2391779 9 0 0 swapper/9
WK 271984763511941 2391792 31 0 0 swapper/31
WK 271984763542277 2391778 24 0 0 swapper/24
WK 271984763573826 2391788 29 0 0 swapper/29
WK 271984763597660 2391786 28 0 0 swapper/28
WK 271984763607729 2391787 13 0 0 swapper/13
WK 271984763681004 2391788 29 0 0 swapper/29
WK 271984763690412 2391784 27 0 0 swapper/27
WK 271984763696553 2391792 31 0 0 swapper/31
WK 271984763710950 2391788 29 0 0 swapper/29
WK 271984763717983 2391790 30 0 0 swapper/30
WK 271984763729404 2391789 14 0 0 swapper/14
WK 271984763740294 2391791 15 0 0 swapper/15
WK 271984763765531 2391784 27 0 0 swapper/27
WK 271984763810444 2391791 15 0 0 swapper/15
NI 271984763812698 0 0
WK 271984763822927 2391956 6 0 0 swapper/6
RN 271984763825101 2391956 6
U0 271984763828017 2391956
MSI 271984763828758 2391956 4276285452
U0 271984763830862 2391956
MSI 271984763831563 2391956 4276285452
U0 271984763832886 2391956
MSI 271984763833547 2391956 4276285452
WK 271984763833527 2391785 12 0 0 swapper/12
U0 271984763834940 2391956
MSI 271984763835741 2391956 4276285452
U0 271984763837094 2391956
MSI 271984763837785 2391956 4276285452
U0 271984763839448 2391956
MSI 271984763840109 2391956 4276285452
U0 271984763841632 2391956
MSI 271984763842303 2391956 4276285452
U0 271984763843776 2391956
MSI 271984763844427 2391956 4276285452
U0 271984763845920 2391956
MSI 271984763846571 2391956 4276285452
WK 271984763890182 2391811 30 0 0 swapper/30
RN 271984763892907 2391811 30
WK 271984763922031 2391811 30 0 0 swapper/30
RN 271984763925728 2391811 30
WK 271984763931960 2391789 14 0 0 swapper/14
U0 271984763933893 2391811
WK 271984763934735 2391792 31 0 0 swapper/31
MSI 271984763935416 2391811 4276219916
WK 271984764047584 2391792 31 0 0 swapper/31
WK 271984764063383 2391778 24 0 0 swapper/24
WK 271984764069254 2391777 8 0 0 swapper/8
WK 271984764085424 2391788 29 0 0 swapper/29
WK 271984764085835 2391790 30 0 0 swapper/30
WK 271984764120940 2391811 30 0 0 swapper/30
RN 271984764123274 2391811 30
U0 271984764155524 2391811
MSI 271984764158710 2391811 4276219916
WK 271984764187553 2391791 15 0 0 swapper/15
NI 271984764198494 0 0
NI 271984764230092 0 0
WK 271984764242635 2391788 29 0 0 swapper/29
WK 271984764266941 2391778 24 0 0 swapper/24
WK 271984764274244 2391790 30 0 0 swapper/30
WK 271984764291616 2391792 31 0 0 swapper/31
WK 271984764297407 2391778 24 0 0 swapper/24
WK 271984764317214 2391779 9 0 0 swapper/9
WK 271984764355455 2391784 27 0 0 swapper/27
WK 271984764410907 2391781 10 0 0 swapper/10
WK 271984764411398 2391792 31 0 0 swapper/31
WK 271984764425905 2391785 12 0 0 swapper/12
WK 271984764454759 2391785 12 0 0 swapper/12
WK 271984764531531 2391788 29 0 0 swapper/29
WK 271984764676049 2391782 26 0 0 swapper/26
WK 271984764682641 2391784 27 0 0 swapper/27
WK 271984764760475 2391787 13 0 0 swapper/13
NI 271984764765545 0 0
WK 271984764777978 2391956 6 0 0 swapper/6
RN 271984764780442 2391956 6
U0 271984764783338 2391956
MSI 271984764784219 2391956 4276285452
U0 271984764786213 2391956
MSI 271984764786894 2391956 4276285452
U0 271984764788237 2391956
WK 271984764788507 2391785 12 0 0 swapper/12
MSI 271984764788948 2391956 4276285452
U0 271984764790731 2391956
MSI 271984764791573 2391956 4276285452
U0 271984764793176 2391956
MSI 271984764793847 2391956 4276285452
U0 271984764795380 2391956
MSI 271984764796031 2391956 4276285452
U0 271984764797574 2391956
MSI 271984764798205 2391956 4276285452
U0 271984764799768 2391956
MSI 271984764800409 2391956 4276285452
U0 271984764802002 2391956
MSI 271984764802644 2391956 4276285452
U0 271984764807102 2391956
MSI 271984764807793 2391956 4276285452
WK 271984764836847 2391811 30 0 0 swapper/30
RN 271984764840003 2391811 30
WK 271984764840714 2391786 28 0 0 swapper/28
WK 271984764870940 2391811 30 0 0 swapper/30
RN 271984764874847 2391811 30
U0 271984764891999 2391811
MSI 271984764894674 2391811 4276219916
WK 271984764897289 2391781 10 0 0 swapper/10
WK 271984764927415 2391788 29 0 0 swapper/29
WK 271984764963121 2391789 14 0 0 swapper/14
WK 271984764973190 2391790 30 0 0 swapper/30
WK 271984764990311 2391778 24 0 0 swapper/24
WK 271984765010799 2391784 27 0 0 swapper/27
WK 271984765036247 2391789 14 0 0 swapper/14
WK 271984765057025 2391811 30 0 0 swapper/30
RN 271984765060101 2391811 30
D0 271984765066503 2391811 519 3 3019 1 1
S0 271984765072033 2391811
WK 271984765089265 2391794 12 0 0 swapper/12
RN 271984765093703 2391794 12
VS0 271984765108310 2391794
VS1 271984765119641 2391794
WK 271984765121294 2397373 8 0 0 swapper/8
RN 271984765122657 2397373 8
WK 271984765130281 2391807 13 0 0 swapper/13
RN 271984765131814 2391807 13
RC0 271984765138757 2397373
Q0 271984765144207 2397373
WK 271984765150298 2391811 30 0 0 swapper/30
RN 271984765154325 2391811 30
S1 271984765156820 2391811
Q1 271984765164284 2397373
WK 271984765164294 2391778 24 0 0 swapper/24
F0 271984765167199 2391811
WK 271984765175855 2391794 12 0 0 swapper/12
RN 271984765179662 2391794 12
VF0 271984765184622 2391794 1 1 3019
VF1 271984765189761 2391794
WK 271984765191144 2397373 8 0 0 swapper/8
RN 271984765192797 2397373 8
Y0 271984765196534 2397373 1 3019
WK 271984765196524 2391807 13 0 0 swapper/13
RN 271984765198357 2391807 13
WK 271984765204418 2391811 30 0 0 swapper/30
Y1 271984765205510 2397373
RN 271984765205831 2391811 30
F1 271984765207354 2391811
WK 271984765207614 2397385 20 0 0 swapper/20
D1 271984765208816 2391811
RN 271984765209578 2397385 20
C0 271984765212032 2391811
C0 271984765215078 2391811
U0 271984765216280 2391811
MSI 271984765217513 2391811 4276219916
WK 271984765220468 2391781 10 0 0 swapper/10
WK 271984765240084 2391777 8 0 0 swapper/8
WK 271984765465703 2391781 10 0 0 swapper/10
NI 271984765491851 0 0
WK 271984765503162 2391956 6 0 0 swapper/6
RN 271984765504264 2391956 6
WK 271984765506268 2397385 20 0 0 swapper/20
U0 271984765507159 2391956
RN 271984765507951 2397385 20
MSI 271984765508091 2391956 4276285452
U0 271984765509985 2391956
T 271984765510045 2397385 1 3019
MSI 271984765510656 2391956 4276285452
WK 271984765511347 2391785 12 0 0 swapper/12
U0 271984765512259 2391956
MSI 271984765513201 2391956 4276285452
WK 271984765514092 2391785 12 0 2391956 nvgpu-events
WK 271984765515034 2397374 7 0 0 swapper/7
U0 271984765515705 2391956
MSI 271984765516397 2391956 4276285452
RN 271984765516837 2397374 7
U0 271984765517990 2391956
MSI 271984765518671 2391956 4276285452
U0 271984765520314 2391956
WF 271984765520324 2397374 1 1 3019
MSI 271984765521025 2391956 4276285452
U0 271984765522608 2391956
MSI 271984765523269 2391956 4276285452
U0 271984765525203 2391956
MSI 271984765526145 2391956 4276285452
WK 271984765526125 2391779 9 0 0 swapper/9
WK 271984765526365 2391794 16 0 0 swapper/16
RN 271984765527988 2391794 16
U0 271984765528168 2391956
MSI 271984765529110 2391956 4276285452
WK 271984765537155 2391789 14 0 0 swapper/14
WK 271984765537856 2391807 4 0 0 swapper/4
RN 271984765539760 2391807 4
WK 271984765554978 2391811 30 0 0 swapper/30
WK 271984765554858 2391955 21 0 0 swapper/21
WK 271984765555329 2391786 28 0 0 swapper/28
RN 271984765556571 2391811 30
RN 271984765559376 2391955 21
C0 271984765563524 2391955
C0 271984765568714 2391955
U0 271984765571529 2391955
MSI 271984765572971 2391955 4276219916
WK 271984765576568 2391781 10 0 0 swapper/10
WK 271984765586767 2391784 27 0 0 swapper/27
WK 271984765591556 2391777 8 0 0 swapper/8
NI 271984765695679 0 0
WK 271984765711879 2391786 28 0 0 swapper/28
WK 271984765729141 2391784 27 0 0 swapper/27
NI 271984765739109 0 0
WK 271984765834246 2391790 30 0 0 swapper/30
WK 271984765882776 2391785 12 0 0 swapper/12
WK 271984765941575 2391789 14 0 0 swapper/14
WK 271984765991447 2391787 13 0 0 swapper/13
WK 271984766012426 2391778 24 0 0 swapper/24
WK 271984766101722 2391784 27 0 0 swapper/27
WK 271984766107552 2391779 9 0 0 swapper/9
WK 271984766109706 2391781 10 0 0 swapper/10
WK 271984766113724 2391785 12 0 0 swapper/12
WK 271984766118202 2391780 25 0 0 swapper/25
WK 271984766119134 2391789 14 0 0 swapper/14
WK 271984766122009 2391787 13 0 0 swapper/13
WK 271984766125636 2391779 9 0 0 swapper/9
WK 271984766130695 2391782 26 0 0 swapper/26
WK 271984766135885 2391788 29 0 0 swapper/29
WK 271984766144331 2391790 30 0 0 swapper/30
WK 271984766393252 2391785 12 0 0 swapper/12
WK 271984766408019 2391782 26 0 0 swapper/26
WK 271984766485233 2391780 25 0 0 swapper/25
WK 271984766488909 2391792 31 0 0 swapper/31
WK 271984766493508 2391777 8 0 0 swapper/8
WK 271984766499950 2391786 28 0 0 swapper/28
WK 271984766504358 2391788 29 0 0 swapper/29
WK 271984766583334 2391956 6 0 0 swapper/6
RN 271984766585829 2391956 6
WK 271984766619211 2391782 26 0 0 swapper/26
WK 271984766658664 2391785 12 0 0 swapper/12
WK 271984766788936 2391786 28 0 0 swapper/28
WK 271984766837856 2391791 15 0 0 swapper/15
WK 271984766900673 2391792 31 0 0 swapper/31
WK 271984766935758 2397382 17 0 0 swapper/17
RN 271984766939445 2397382 17
WK 271984766977786 2391777 8 0 0 swapper/8
WK 271984767000608 2391788 29 0 0 swapper/29
WK 271984767008122 2391778 24 0 0 swapper/24
WK 271984767049028 2391777 8 0 0 swapper/8
WK 271984767052644 2391778 24 0 0 swapper/24
WK 271984767098109 2391811 30 0 0 swapper/30
RN 271984767102076 2391811 30
WK 271984767131972 2391786 28 0 0 swapper/28
U0 271984767147971 2391811
MSI 271984767151748 2391811 4276219916
WK 271984767163400 2391792 31 0 0 swapper/31
WK 271984767198815 2391788 29 0 0 swapper/29
WK 271984767200058 2391789 14 0 0 swapper/14
WK 271984767201651 2397384 30 0 0 swapper/30
RN 271984767203334 2397384 30
WK 271984767245803 2391777 8 0 0 swapper/8
WK 271984767273183 2391788 29 0 0 swapper/29
WK 271984767276810 2391778 24 0 0 swapper/24
WK 271984767287851 2391777 8 0 0 swapper/8
WK 271984767311494 2391782 26 0 0 swapper/26
WK 271984767315522 2391780 25 0 0 swapper/25
WK 271984767318788 2391783 11 0 0 swapper/11
WK 271984767323497 2391789 14 0 0 swapper/14
WK 271984767327083 2391784 27 0 0 swapper/27
WK 271984767336962 2391811 30 0 0 swapper/30
RN 271984767340638 2391811 30
U0 271984767348663 2391811
MSI 271984767352450 2391811 4276285452
U0 271984767354885 2391811
MSI 271984767356107 2391811 4276219916
WK 271984767356828 2391785 12 0 0 swapper/12
WK 271984767443729 2391786 28 0 0 swapper/28
WK 271984767479586 2391788 29 0 0 swapper/29
WK 271984767486920 2391789 14 0 0 swapper/14
WK 271984767496527 2391784 27 0 0 swapper/27
WK 271984767500174 2391783 11 0 0 swapper/11
WK 271984767506175 2391791 15 0 0 swapper/15
WK 271984767506626 2391790 30 0 0 swapper/30
WK 271984767515673 2391777 8 0 0 swapper/8
WK 271984767518568 2391785 12 0 0 swapper/12
WK 271984767520812 2391778 24 0 0 swapper/24
WK 271984767524870 2391780 25 0 0 swapper/25
WK 271984767635615 2391782 26 0 0 swapper/26
NI 271984767691829 0 0
WK 271984767693052 2391956 6 0 0 swapper/6
RN 271984767694334 2391956 6
WK 271984767716555 2391786 28 0 0 swapper/28
WK 271984767728798 2391788 29 0 0 swapper/29
WK 271984767732354 2391780 25 0 0 swapper/25
WK 271984767733717 2391791 15 0 0 swapper/15
WK 271984767735560 2391778 24 0 0 swapper/24
WK 271984767736632 2391784 27 0 0 swapper/27
WK 271984767737644 2391792 31 0 0 swapper/31
WK 271984767739658 2391790 30 0 0 swapper/30
WK 271984767741471 2391777 8 0 0 swapper/8
WK 271984767743665 2391789 14 0 0 swapper/14
U0 271984767746911 2391956
MSI 271984767748034 2391956 4276285452
WK 271984767751300 2391785 12 0 0 swapper/12
U0 271984767762260 2391956
MSI 271984767764745 2391956 4276285452
U0 271984767766658 2391956
MSI 271984767767570 2391956 4276285452
U0 271984767769694 2391956
MSI 271984767770585 2391956 4276285452
U0 271984767772739 2391956
MSI 271984767773671 2391956 4276285452
U0 271984767775815 2391956
MSI 271984767776707 2391956 4276285452
U0 271984767778710 2391956
MSI 271984767779582 2391956 4276285452
U0 271984767781556 2391956
MSI 271984767782457 2391956 4276285452
U0 271984767784461 2391956
MSI 271984767785142 2391956 4276285452
U0 271984767786916 2391956
MSI 271984767787587 2391956 4276285452
WK 271984767808215 2391811 30 0 0 swapper/30
RN 271984767810890 2391811 30
WK 271984767827290 2391782 26 0 0 swapper/26
WK 271984767832220 2391811 30 0 0 swapper/30
RN 271984767833702 2391811 30
WK 271984767845164 2391790 30 0 0 swapper/30
WK 271984767856324 2391811 11 0 0 swapper/11
RN 271984767859019 2391811 11
U0 271984767889235 2391811
MSI 271984767892982 2391811 4276219916
WK 271984767901107 2391786 28 0 0 swapper/28
WK 271984767935251 2391788 29 0 0 swapper/29
WK 271984767948856 2391789 14 0 0 swapper/14
WK 271984767959886 2391790 30 0 0 swapper/30
WK 271984767965487 2391791 15 0 0 swapper/15
WK 271984767972510 2391777 8 0 0 swapper/8
WK 271984768014377 2391791 15 0 0 swapper/15
WK 271984768025448 2391780 25 0 0 swapper/25
WK 271984768027582 2391784 27 0 0 swapper/27
WK 271984768048601 2391791 15 0 0 swapper/15
WK 271984768051236 2391784 27 0 0 swapper/27
WK 271984768055594 2391780 25 0 0 swapper/25
WK 271984768062236 2391782 26 0 0 swapper/26
WK 271984768064801 2391783 11 0 0 swapper/11
WK 271984768066153 2391785 12 0 0 swapper/12
WK 271984768124752 2391787 13 0 0 swapper/13
WK 271984768169365 2391780 25 0 0 swapper/25
WK 271984768199631 2391781 10 0 0 swapper/10
WK 271984768240276 2391777 8 0 0 swapper/8
NI 271984768360839 0 0
NI 271984768387609 0 0
WK 271984768408167 2391781 10 0 0 swapper/10
WK 271984768432633 2391792 31 0 0 swapper/31
WK 271984768551583 2391778 24 0 0 swapper/24
WK 271984768575097 2391785 12 0 0 swapper/12
WK 271984768614991 2391781 10 0 0 swapper/10
WK 271984768649384 2391811 30 0 0 swapper/30
WK 271984768649765 2391789 14 0 0 swapper/14
RN 271984768653001 2391811 30
WK 271984768656798 2391790 30 0 2391788 CPU 11/KVM
WK 271984768664182 2391791 15 0 0 swapper/15
U0 271984768665524 2391811
MSI 271984768667047 2391811 4276219916
WK 271984768684039 2391777 8 0 0 swapper/8
WK 271984768692855 2391782 26 0 1896907 other
WK 271984768693777 2391787 13 0 0 swapper/13
WK 271984768778494 2391787 13 0 0 swapper/13
WK 271984768779225 2391789 14 0 0 swapper/14
WK 271984768787340 2391791 15 0 0 swapper/15
WK 271984768793221 2391785 12 0 0 swapper/12
WK 271984768829178 2391790 30 0 0 swapper/30
WK 271984768842512 2391956 6 0 0 swapper/6
RN 271984768845508 2391956 6
WK 271984768847522 2391791 15 0 0 swapper/15
WK 271984768859103 2391789 14 0 0 swapper/14
NI 271984769087146 0 0
WK 271984769097625 2391956 6 0 0 swapper/6
RN 271984769098757 2391956 6
U0 271984769102314 2391956
MSI 271984769103216 2391956 4276285452
U0 271984769105239 2391956
MSI 271984769105921 2391956 4276285452
U0 271984769107243 2391956
MSI 271984769107904 2391956 4276285452
WK 271984769107774 2391785 12 0 0 swapper/12
U0 271984769109417 2391956
MSI 271984769110259 2391956 4276285452
U0 271984769111621 2391956
MSI 271984769112272 2391956 4276285452
U0 271984769113915 2391956
MSI 271984769114567 2391956 4276285452
U0 271984769116160 2391956
MSI 271984769116801 2391956 4276285452
U0 271984769118243 2391956
MSI 271984769118875 2391956 4276285452
U0 271984769120698 2391956
MSI 271984769121339 2391956 4276285452
WK 271984769164890 2391811 30 0 0 swapper/30
RN 271984769167034 2391811 30
WK 271984769186660 2391811 30 0 0 swapper/30
WK 271984769189726 2391778 24 0 0 swapper/24
RN 271984769190387 2391811 30
U0 271984769198152 2391811
MSI 271984769199384 2391811 4276219916
WK 271984769214342 2391792 31 0 0 swapper/31
WK 271984769259315 2391778 24 0 0 swapper/24
WK 271984769293298 2391789 14 0 0 swapper/14
WK 271984769298357 2391790 30 0 0 swapper/30
WK 271984769307304 2391791 15 0 0 swapper/15
WK 271984769310009 2391777 8 0 0 swapper/8
WK 271984769311692 2391787 13 0 0 swapper/13
WK 271984769316641 2391785 12 0 0 swapper/12
WK 271984769319306 2391784 27 0 0 swapper/27
WK 271984769320458 2391780 25 0 0 swapper/25
WK 271984769540727 2391779 9 0 0 swapper/9
NI 271984769571764 0 0
WK 271984769583035 2391956 6 0 0 swapper/6
RN 271984769584117 2391956 6
U0 271984769587153 2391956
MSI 271984769587954 2391956 4276285452
U0 271984769589647 2391956
MSI 271984769590288 2391956 4276285452
U0 271984769591962 2391956
MSI 271984769592603 2391956 4276285452
U0 271984769594085 2391956
MSI 271984769594797 2391956 4276285452
U0 271984769596229 2391956
MSI 271984769596871 2391956 4276285452
U0 271984769598444 2391956
MSI 271984769599085 2391956 4276285452
U0 271984769600648 2391956
MSI 271984769601299 2391956 4276285452
U0 271984769602902 2391956
MSI 271984769603553 2391956 4276285452
U0 271984769605396 2391956
MSI 271984769606058 2391956 4276285452
WK 271984769638267 2391811 30 0 0 swapper/30
RN 271984769641033 2391811 30
WK 271984769656551 2391786 28 0 0 swapper/28
WK 271984769658114 2391811 30 0 0 swapper/30
RN 271984769660078 2391811 30
U0 271984769668393 2391811
MSI 271984769670607 2391811 4276219916
WK 271984769743242 2391784 27 0 0 swapper/27
WK 271984769778287 2391779 9 0 0 swapper/9
WK 271984769779429 2391778 24 0 0 swapper/24
WK 271984769837787 2391781 10 0 0 swapper/10
WK 271984769855440 2391790 30 0 0 swapper/30
NI 271984769866581 0 0
NI 271984769909811 0 0
WK 271984769925610 2391786 28 0 0 swapper/28
WK 271984769957138 2391789 14 0 0 swapper/14
WK 271984769962839 2391790 30 0 0 swapper/30
WK 271984769964612 2391792 31 0 0 swapper/31
WK 271984769970794 2391778 24 0 0 swapper/24
WK 271984769972747 2391779 9 0 0 swapper/9
WK 271984769977356 2391787 13 0 0 swapper/13
WK 271984769978288 2391788 29 0 0 swapper/29
WK 271984769981253 2391780 25 0 0 swapper/25
WK 271984769984489 2391782 26 0 0 swapper/26
WK 271984769986102 2391784 27 0 0 swapper/27
WK 271984769986182 2391783 11 0 0 swapper/11
WK 271984769995269 2391787 13 0 0 swapper/13
WK 271984770061702 2391789 14 0 0 swapper/14
WK 271984770099512 2391811 30 0 0 swapper/30
RN 271984770102628 2391811 30
U0 271984770149265 2391811
MSI 271984770152551 2391811 4276219916
WK 271984770181074 2391780 25 0 0 swapper/25
WK 271984770185522 2391783 11 0 0 swapper/11
WK 271984770190571 2391787 13 0 0 swapper/13
WK 271984770406762 2391787 13 0 0 swapper/13
WK 271984770425036 2391784 27 0 0 swapper/27
WK 271984770658739 2391956 6 0 0 swapper/6
RN 271984770661013 2391956 6
NI 271984770748836 0 0
WK 271984770760498 2391956 6 0 0 swapper/6
RN 271984770761509 2391956 6
U0 271984770765347 2391956
MSI 271984770766218 2391956 4276285452
WK 271984770766759 2391777 8 0 0 swapper/8
U0 271984770768522 2391956
MSI 271984770769384 2391956 4276285452
U0 271984770770596 2391956
MSI 271984770771328 2391956 4276285452
WK 271984770772099 2391785 12 0 0 swapper/12
U0 271984770772540 2391956
MSI 271984770773722 2391956 4276285452
U0 271984770775115 2391956
MSI 271984770775766 2391956 4276285452
WK 271984770776477 2391785 12 0 2391956 nvgpu-events
U0 271984770777980 2391956
MSI 271984770778651 2391956 4276285452
U0 271984770780304 2391956
MSI 271984770780966 2391956 4276285452
U0 271984770782679 2391956
MSI 271984770783320 2391956 4276285452
U0 271984770785023 2391956
MSI 271984770785674 2391956 4276285452
U0 271984770787187 2391956
MSI 271984770787838 2391956 4276285452
WK 271984770791776 2391787 13 0 0 swapper/13
WK 271984770806593 2391789 14 0 0 swapper/14
WK 271984770814808 2391790 30 0 0 swapper/30
WK 271984770829325 2391811 11 0 0 swapper/11
RN 271984770832621 2391811 11
WK 271984770833864 2391791 15 0 0 swapper/15
WK 271984770854121 2391811 11 0 0 swapper/11
RN 271984770858018 2391811 11
WK 271984770878216 2391792 31 0 0 swapper/31
U0 271984770882283 2391811
MSI 271984770883716 2391811 4276219916
WK 271984770887273 2391781 10 0 0 swapper/10
NI 271984770907660 0 0
WK 271984770920053 2391956 6 0 0 swapper/6
RN 271984770921256 2391956 6
U0 271984770924071 2391956
MSI 271984770924902 2391956 4276285452
U0 271984770926596 2391956
MSI 271984770927247 2391956 4276285452
U0 271984770928860 2391956
MSI 271984770929521 2391956 4276285452
U0 271984770931184 2391956
MSI 271984770931835 2391956 4276285452
U0 271984770933288 2391956
MSI 271984770933939 2391956 4276285452
U0 271984770935412 2391956
MSI 271984770936053 2391956 4276285452
U0 271984770937686 2391956
MSI 271984770938357 2391956 4276285452
U0 271984770940151 2391956
MSI 271984770940812 2391956 4276285452
U0 271984770942515 2391956
MSI 271984770943186 2391956 4276285452
WK 271984770967962 2391784 27 0 0 swapper/27
WK 271984770969575 2391811 11 0 0 swapper/11
RN 271984770971058 2391811 11
WK 271984771087093 2391790 30 0 0 swapper/30
WK 271984771103443 2391791 15 0 0 swapper/15
WK 271984771123621 2391792 31 0 0 swapper/31
WK 271984771135483 2391811 11 0 0 swapper/11
RN 271984771142355 2391811 11
D0 271984771147896 2391811 519 3 3020 1 1
S0 271984771153757 2391811
WK 271984771168023 2391794 14 0 0 swapper/14
RN 271984771170768 2391794 14
VS0 271984771185405 2391794
VS1 271984771196035 2391794
WK 271984771197778 2397373 8 0 0 swapper/8
RN 271984771199942 2397373 8
WK 271984771202226 2391784 27 0 0 swapper/27
WK 271984771206384 2391807 13 0 0 swapper/13
RN 271984771209109 2391807 13
RC0 271984771210983 2397373
Q0 271984771218026 2397373
WK 271984771220420 2391811 11 0 0 swapper/11
RN 271984771221582 2391811 11
S1 271984771223536 2391811
F0 271984771232322 2391811
WK 271984771240207 2391794 14 0 0 swapper/14
Q1 271984771242541 2397373
RN 271984771243533 2391794 14
VF0 271984771248172 2391794 1 1 3020
VF1 271984771252510 2391794
WK 271984771254644 2397373 8 0 0 swapper/8
RN 271984771256768 2397373 8
WK 271984771259943 2391807 13 0 0 swapper/13
Y0 271984771261566 2397373 1 3020
RN 271984771264512 2391807 13
Y1 271984771270323 2397373
WK 271984771271946 2391811 11 0 0 swapper/11
WK 271984771272096 2397385 20 0 0 swapper/20
RN 271984771273148 2391811 11
RN 271984771273939 2397385 20
F1 271984771274621 2391811
D1 271984771276164 2391811
C0 271984771278287 2391811
C0 271984771281073 2391811
U0 271984771282014 2391811
MSI 271984771282906 2391811 4276219916
WK 271984771285421 2391781 10 0 0 swapper/10
WK 271984771481825 2391781 10 0 0 swapper/10
WK 271984771549941 2391779 9 0 0 swapper/9
NI 271984771568095 0 0
WK 271984771578214 2391956 6 0 0 swapper/6
RN 271984771579245 2391956 6
WK 271984771581339 2397385 20 0 0 swapper/20
U0 271984771582041 2391956
RN 271984771582612 2397385 20
MSI 271984771582862 2391956 4276285452
T 271984771585006 2397385 1 3020
U0 271984771585106 2391956
MSI 271984771585788 2391956 4276285452
U0 271984771587120 2391956
MSI 271984771587801 2391956 4276285452
WK 271984771588473 2391785 12 0 0 swapper/12
U0 271984771589054 2391956
MSI 271984771589915 2391956 4276285452
U0 271984771591228 2391956
MSI 271984771591889 2391956 4276285452
U0 271984771593492 2391956
MSI 271984771594213 2391956 4276285452
U0 271984771595846 2391956
MSI 271984771596547 2391956 4276285452
WK 271984771596888 2397374 7 0 0 swapper/7
U0 271984771598050 2391956
MSI 271984771598782 2391956 4276285452
U0 271984771600415 2391956
RN 271984771600495 2397374 7
MSI 271984771601056 2391956 4276285452
WF 271984771606035 2397374 1 1 3020
WK 271984771611756 2391794 14 0 0 swapper/14
RN 271984771613038 2391794 14
WK 271984771620221 2391807 13 0 0 swapper/13
RN 271984771622205 2391807 13
WK 271984771635319 2391811 11 0 0 swapper/11
RN 271984771636451 2391811 11
WK 271984771639437 2391955 21 0 0 swapper/21
RN 271984771643495 2391955 21
C0 271984771647702 2391955
C0 271984771654465 2391955
U0 271984771659063 2391955
MSI 271984771660626 2391955 4276219916
WK 271984771663942 2391781 10 0 0 swapper/10
WK 271984771675123 2391784 27 0 0 swapper/27
WK 271984771681786 2391777 8 0 0 swapper/8
WK 271984771752076 2391784 27 0 0 swapper/27
WK 271984771777533 2391779 9 0 0 swapper/9
WK 271984771865256 2391790 30 0 0 swapper/30
WK 271984771882017 2391782 26 0 0 swapper/26
WK 271984771906131 2391785 12 0 0 swapper/12
WK 271984771931789 2391780 25 0 0 swapper/25
WK 271984771966103 2391789 14 0 0 swapper/14
WK 271984771975690 2391792 31 0 0 swapper/31
WK 271984772192412 2391783 11 0 0 swapper/11
WK 271984772327132 2391787 13 0 0 swapper/13
WK 271984772347159 2391792 31 0 0 swapper/31
NI 271984772531711 0 0
NI 271984772562658 0 0
WK 271984772605518 2391787 13 0 0 swapper/13
WK 271984772654128 2391956 6 0 0 swapper/6
RN 271984772656482 2391956 6
WK 271984772776655 2391788 29 0 0 swapper/29
WK 271984772818843 2391781 10 0 0 swapper/10
WK 271984772823482 2391779 9 0 0 swapper/9
WK 271984772828070 2391780 25 0 0 swapper/25
WK 271984772831867 2391782 26 0 0 swapper/26
WK 271984772834162 2391783 11 0 0 swapper/11
WK 271984772845242 2391784 27 0 0 swapper/27
WK 271984772863827 2391791 15 0 0 swapper/15
