WK 271973418187464 2391780 25 0 0 swapper/25
NI 271973418261321 0 0
WK 271973418272091 2391956 16 0 0 swapper/16
RN 271973418273413 2391956 16
MSI 271973418276579 2391956 4276285452
MSI 271973418279545 2391956 4276285452
WK 271973418280466 2391785 12 0 0 swapper/12
MSI 271973418281098 2391956 4276285452
MSI 271973418282771 2391956 4276285452
WK 271973418283021 2391778 24 0 0 swapper/24
MSI 271973418284704 2391956 4276285452
MSI 271973418286838 2391956 4276285452
MSI 271973418288672 2391956 4276285452
MSI 271973418290515 2391956 4276285452
MSI 271973418292308 2391956 4276285452
WK 271973418321512 2391811 14 0 0 swapper/14
RN 271973418325470 2391811 14
NI 271973418340277 0 0
WK 271973418344625 2391811 14 0 0 swapper/14
RN 271973418346188 2391811 14
MSI 271973418352971 2391811 4276219916
WK 271973418361186 2391790 30 0 2401439 ld
NI 271973418364662 0 0
WK 271973418463165 2397382 9 0 0 swapper/9
RN 271973418466030 2397382 9
WK 271973418514250 2391787 13 0 0 swapper/13
WK 271973418518798 2391778 24 0 0 swapper/24
WK 271973418554534 2391780 25 0 0 swapper/25
WK 271973418585662 2391780 25 0 0 swapper/25
WK 271973418599999 2391779 9 0 0 swapper/9
WK 271973418690727 2391778 24 0 0 swapper/24
WK 271973418821910 2391791 15 0 0 swapper/15
NI 271973418914712 0 0
WK 271973418925272 2391956 16 0 0 swapper/16
RN 271973418926634 2391956 16
MSI 271973418930251 2391956 4276285452
MSI 271973418932976 2391956 4276285452
MSI 271973418934499 2391956 4276285452
WK 271973418934639 2391785 12 0 0 swapper/12
MSI 271973418936072 2391956 4276285452
MSI 271973418938005 2391956 4276285452
MSI 271973418940179 2391956 4276285452
MSI 271973418942113 2391956 4276285452
MSI 271973418943976 2391956 4276285452
MSI 271973418945830 2391956 4276285452
WK 271973418989330 2391811 14 0 0 swapper/14
RN 271973418994450 2391811 14
WK 271973419011682 2391811 14 0 0 swapper/14
RN 271973419015138 2391811 14
MSI 271973419023333 2391811 4276219916
WK 271973419048320 2391792 31 0 0 swapper/31
WK 271973419091911 2391777 8 0 0 swapper/8
WK 271973419105546 2391778 24 0 0 swapper/24
WK 271973419109954 2391779 9 0 0 swapper/9
WK 271973419126384 2391779 9 0 0 swapper/9
WK 271973419165036 2391811 14 0 0 swapper/14
RN 271973419168693 2391811 14
MSI 271973419202536 2391811 4276219916
WK 271973419228293 2391786 28 0 0 swapper/28
WK 271973419233283 2391789 14 0 0 swapper/14
WK 271973419326385 2391782 26 0 0 swapper/26
WK 271973419388831 2391786 28 0 0 swapper/28
WK 271973419401004 2391784 27 0 0 swapper/27
WK 271973419568123 2391783 11 0 0 swapper/11
WK 271973419774265 2391784 27 0 0 swapper/27
WK 271973419829929 2391788 29 0 0 swapper/29
WK 271973419834186 2391777 8 0 0 swapper/8
NI 271973419837443 0 0
NI 271973419885401 0 0
NI 271973419893857 0 0
WK 271973419906280 2391956 16 0 0 swapper/16
RN 271973419908725 2391956 16
MSI 271973419912191 2391956 4276285452
MSI 271973419915137 2391956 4276285452
WK 271973419916409 2391785 12 0 0 swapper/12
MSI 271973419916800 2391956 4276285452
MSI 271973419918543 2391956 4276285452
MSI 271973419920266 2391956 4276285452
MSI 271973419922119 2391956 4276285452
MSI 271973419924163 2391956 4276285452
MSI 271973419926047 2391956 4276285452
MSI 271973419928742 2391956 4276285452
MSI 271973419934452 2391956 4276285452
WK 271973419958046 2391811 14 0 0 swapper/14
RN 271973419961492 2391811 14
WK 271973419962053 2391786 28 0 0 swapper/28
WK 271973419991218 2391811 14 0 0 swapper/14
RN 271973419994934 2391811 14
MSI 271973420012637 2391811 4276219916
WK 271973420012958 2391779 9 0 0 swapper/9
WK 271973420015883 2391781 10 0 0 swapper/10
WK 271973420178214 2391811 14 0 0 swapper/14
RN 271973420180989 2391811 14
D0 271973420186550 2391811 519 3 767 1 1
WK 271973420195075 2391780 25 0 0 swapper/25
WK 271973420198191 2391794 15 0 0 swapper/15
RN 271973420199734 2391794 15
WK 271973420216515 2397373 24 0 0 swapper/24
RN 271973420219631 2397373 24
WK 271973420221064 2391807 26 0 0 swapper/26
RN 271973420222687 2391807 26
WK 271973420231453 2391811 14 0 0 swapper/14
RN 271973420234268 2391811 14
WK 271973420246070 2391794 15 0 0 swapper/15
RN 271973420249466 2391794 15
WK 271973420257301 2397373 24 0 0 swapper/24
WK 271973420259264 2391807 26 0 0 swapper/26
RN 271973420261038 2397373 24
RN 271973420261058 2391807 26
WK 271973420263182 2391787 13 0 0 swapper/13
WK 271973420266919 2391811 14 0 0 swapper/14
RN 271973420268071 2391811 14
WK 271973420269323 2397381 11 0 0 swapper/11
RN 271973420270756 2397381 11
WK 271973420271597 2397385 12 0 0 swapper/12
MSI 271973420271948 2391811 4276219916
RN 271973420273541 2397385 12
WK 271973420274613 2391781 10 0 0 swapper/10
WK 271973420371823 2391790 30 0 0 swapper/30
NI 271973420571864 0 0
WK 271973420582984 2391956 16 0 0 swapper/16
RN 271973420584357 2391956 16
WK 271973420587503 2397385 12 0 0 swapper/12
MSI 271973420587813 2391956 4276285452
RN 271973420589577 2397385 12
MSI 271973420591130 2391956 4276285452
WK 271973420591951 2391785 12 0 2397385 vkr-queue-1
MSI 271973420592933 2391956 4276285452
MSI 271973420594706 2391956 4276285452
T 271973420596279 2397385 1 767
MSI 271973420596329 2391956 4276285452
MSI 271973420598694 2391956 4276285452
MSI 271973420600437 2391956 4276285452
MSI 271973420602150 2391956 4276285452
WK 271973420603402 2397374 31 0 0 swapper/31
MSI 271973420603803 2391956 4276285452
RN 271973420605286 2397374 31
WF 271973420611527 2397374 1 1 767
WK 271973420617328 2391794 15 0 0 swapper/15
RN 271973420619422 2391794 15
WK 271973420626215 2391807 26 0 0 swapper/26
RN 271973420627367 2391807 26
WK 271973420629601 2391811 14 0 0 swapper/14
RN 271973420630593 2391811 14
WK 271973420643437 2391955 4 0 0 swapper/4
RN 271973420649488 2391955 4
MSI 271973420658755 2391955 4276219916
WK 271973420662241 2391781 10 0 0 swapper/10
WK 271973420674805 2391784 27 0 0 swapper/27
WK 271973420679784 2391777 8 0 0 swapper/8
WK 271973420701895 2391778 24 0 0 swapper/24
WK 271973420798825 2391792 31 0 0 swapper/31
WK 271973420839991 2391791 15 1 0 swapper/15
WK 271973420956206 2391785 12 0 0 swapper/12
WK 271973421074115 2391787 13 0 0 swapper/13
WK 271973421087830 2391780 25 0 0 swapper/25
WK 271973421096647 2391787 13 0 0 swapper/13
WK 271973421159243 2391781 10 0 0 swapper/10
WK 271973421243689 2391789 14 0 0 swapper/14
WK 271973421338034 2391782 26 0 0 swapper/26
WK 271973421443099 2391781 10 0 0 swapper/10
WK 271973421448048 2391778 24 0 0 swapper/24
WK 271973421449531 2391786 28 0 0 swapper/28
WK 271973421453127 2391790 30 0 0 swapper/30
WK 271973421457205 2391783 11 0 0 swapper/11
WK 271973421458828 2391781 10 0 0 swapper/10
WK 271973421464649 2391788 29 0 0 swapper/29
WK 271973421468686 2391791 15 0 0 swapper/15
WK 271973421515403 2391784 27 0 0 swapper/27
WK 271973421568902 2391788 29 0 0 swapper/29
WK 271973421574863 2391783 11 0 0 swapper/11
WK 271973421707890 2391956 16 0 0 swapper/16
RN 271973421710274 2391956 16
WK 271973421784602 2391792 31 0 0 swapper/31
WK 271973421843261 2391778 24 0 0 swapper/24
WK 271973421860603 2391779 9 0 0 swapper/9
WK 271973421878977 2391787 13 0 0 swapper/13
WK 271973421887192 2391780 25 0 0 swapper/25
WK 271973421900948 2391792 31 0 0 swapper/31
WK 271973421903302 2391781 10 0 0 swapper/10
WK 271973421943917 2391780 25 0 0 swapper/25
WK 271973421949598 2391811 14 0 0 swapper/14
RN 271973421950860 2391811 14
MSI 271973421992938 2391811 4276219916
WK 271973422019257 2391779 9 0 0 swapper/9
WK 271973422026220 2391786 28 0 0 swapper/28
WK 271973422102241 2391783 11 0 0 swapper/11
WK 271973422107170 2391792 31 0 0 swapper/31
WK 271973422109705 2391786 28 0 0 swapper/28
WK 271973422152935 2391787 13 0 0 swapper/13
WK 271973422156321 2391782 26 0 0 swapper/26
WK 271973422157263 2391778 24 0 0 swapper/24
WK 271973422164937 2391790 30 0 0 swapper/30
WK 271973422170627 2391783 11 0 0 swapper/11
WK 271973422173002 2391784 27 0 0 swapper/27
WK 271973422178212 2391788 29 0 0 swapper/29
WK 271973422182339 2391791 15 0 0 swapper/15
WK 271973422195664 2391811 14 0 0 swapper/14
RN 271973422200563 2391811 14
MSI 271973422211383 2391811 4276285452
MSI 271973422217524 2391811 4276219916
WK 271973422218566 2391785 12 0 0 swapper/12
WK 271973422232863 2391782 26 0 0 swapper/26
WK 271973422270192 2391787 13 0 0 swapper/13
WK 271973422383041 2391790 30 0 0 swapper/30
NI 271973422504777 0 0
NI 271973422532368 0 0
WK 271973422549219 2391781 10 0 0 swapper/10
NI 271973422640499 0 0
WK 271973422652791 2391956 16 0 0 swapper/16
RN 271973422654024 2391956 16
MSI 271973422658261 2391956 4276285452
MSI 271973422661267 2391956 4276285452
WK 271973422661788 2391785 12 0 0 swapper/12
MSI 271973422662880 2391956 4276285452
WK 271973422664052 2391785 12 0 2391956 nvgpu-events
MSI 271973422665846 2391956 4276285452
MSI 271973422668040 2391956 4276285452
MSI 271973422669823 2391956 4276285452
MSI 271973422671757 2391956 4276285452
MSI 271973422678399 2391956 4276285452
MSI 271973422683318 2391956 4276285452
MSI 271973422684841 2391956 4276285452
WK 271973422702624 2391811 14 0 0 swapper/14
RN 271973422703946 2391811 14
WK 271973422705199 2391781 10 0 0 swapper/10
WK 271973422708675 2391792 31 0 0 swapper/31
WK 271973422713424 2391778 24 0 0 swapper/24
WK 271973422723342 2391811 14 0 0 swapper/14
RN 271973422726057 2391811 14
WK 271973422742468 2391811 14 0 0 swapper/14
RN 271973422745062 2391811 14
WK 271973422755151 2391778 24 0 0 swapper/24
MSI 271973422758948 2391811 4276219916
WK 271973422809582 2391792 31 0 0 swapper/31
WK 271973422849306 2391791 15 0 0 swapper/15
WK 271973422883990 2391781 10 0 0 swapper/10
WK 271973422966222 2391785 12 0 0 swapper/12
WK 271973423088038 2391782 26 0 0 swapper/26
WK 271973423167676 2391781 10 0 0 swapper/10
WK 271973423204684 2391781 10 0 0 swapper/10
WK 271973423251622 2391789 14 0 0 swapper/14
WK 271973423267130 2391778 24 0 0 swapper/24
WK 271973423309819 2391788 29 0 0 swapper/29
WK 271973423328394 2391781 10 0 0 swapper/10
WK 271973423349733 2391778 24 0 0 swapper/24
WK 271973423426606 2391781 10 0 0 swapper/10
WK 271973423464897 2391778 24 0 0 swapper/24
WK 271973423481628 2391779 9 0 0 swapper/9
WK 271973423502997 2391779 9 0 0 swapper/9
WK 271973423523285 2391785 12 0 0 swapper/12
WK 271973423523906 2391784 27 0 0 swapper/27
WK 271973423577946 2391811 14 0 0 swapper/14
RN 271973423580571 2391811 14
WK 271973423581102 2391783 11 0 0 swapper/11
MSI 271973423588155 2391811 4276219916
WK 271973423656031 2391778 24 0 0 swapper/24
WK 271973423737362 2391956 16 0 0 swapper/16
RN 271973423739917 2391956 16
WK 271973423770052 2391779 9 0 0 swapper/9
WK 271973423775442 2391786 28 0 0 swapper/28
NI 271973423781574 0 0
WK 271973423800208 2391956 16 0 0 swapper/16
RN 271973423801481 2391956 16
MSI 271973423804757 2391956 4276285452
MSI 271973423807442 2391956 4276285452
WK 271973423808454 2391785 12 0 0 swapper/12
MSI 271973423809035 2391956 4276285452
MSI 271973423810818 2391956 4276285452
MSI 271973423812702 2391956 4276285452
MSI 271973423814705 2391956 4276285452
MSI 271973423816679 2391956 4276285452
MSI 271973423818472 2391956 4276285452
MSI 271973423820356 2391956 4276285452
WK 271973423829232 2391781 10 0 0 swapper/10
WK 271973423831366 2391779 9 0 0 swapper/9
WK 271973423848668 2391811 14 0 0 swapper/14
RN 271973423852235 2391811 14
WK 271973423869457 2391811 14 0 0 swapper/14
RN 271973423872042 2391811 14
MSI 271973423876319 2391811 4276219916
WK 271973423908840 2391778 24 0 0 swapper/24
WK 271973423955526 2391780 25 0 0 swapper/25
NI 271973424010398 0 0
NI 271973424052777 0 0
WK 271973424106947 2391778 24 0 0 swapper/24
WK 271973424112678 2391779 9 0 0 swapper/9
WK 271973424166527 2391779 9 0 0 swapper/9
WK 271973424181946 2391780 25 0 0 swapper/25
WK 271973424289896 2391787 13 1 0 swapper/13
WK 271973424391875 2391790 30 0 0 swapper/30
NI 271973424399169 0 0
WK 271973424409578 2391956 16 0 0 swapper/16
RN 271973424412163 2391956 16
MSI 271973424415399 2391956 4276285452
MSI 271973424418364 2391956 4276285452
WK 271973424419526 2391785 12 0 0 swapper/12
MSI 271973424419977 2391956 4276285452
MSI 271973424421861 2391956 4276285452
MSI 271973424423764 2391956 4276285452
MSI 271973424425858 2391956 4276285452
MSI 271973424427902 2391956 4276285452
MSI 271973424429575 2391956 4276285452
MSI 271973424431038 2391956 4276285452
WK 271973424434033 2391778 24 0 0 swapper/24
WK 271973424453249 2391811 14 0 0 swapper/14
RN 271973424455834 2391811 14
WK 271973424478506 2391811 14 0 0 swapper/14
RN 271973424480950 2391811 14
MSI 271973424484938 2391811 4276219916
WK 271973424637450 2391778 24 0 0 swapper/24
WK 271973424675060 2391779 9 0 0 swapper/9
WK 271973424718911 2391785 12 0 0 swapper/12
NI 271973424807976 0 0
WK 271973424818736 2391956 16 0 0 swapper/16
RN 271973424820049 2391956 16
WK 271973424819969 2391792 31 0 0 swapper/31
MSI 271973424822924 2391956 4276285452
MSI 271973424825739 2391956 4276285452
WK 271973424826290 2391785 12 0 0 swapper/12
MSI 271973424827312 2391956 4276285452
MSI 271973424829126 2391956 4276285452
MSI 271973424831059 2391956 4276285452
MSI 271973424832802 2391956 4276285452
MSI 271973424834666 2391956 4276285452
MSI 271973424836549 2391956 4276285452
MSI 271973424838303 2391956 4276285452
WK 271973424857819 2391791 15 0 0 swapper/15
WK 271973424862808 2391811 14 0 0 swapper/14
RN 271973424863940 2391811 14
WK 271973424886532 2391811 14 0 0 swapper/14
RN 271973424889117 2391811 14
MSI 271973424892804 2391811 4276219916
WK 271973425001435 2391789 14 0 0 swapper/14
WK 271973425100358 2391782 26 0 0 swapper/26
WK 271973425195134 2391777 8 0 0 swapper/8
WK 271973425203820 2397384 15 0 0 swapper/15
RN 271973425205463 2397384 15
WK 271973425208459 2391778 24 0 0 swapper/24
WK 271973425213148 2391779 9 0 0 swapper/9
WK 271973425224769 2391780 25 0 0 swapper/25
WK 271973425241630 2391779 9 0 0 swapper/9
WK 271973425272788 2391811 14 0 0 swapper/14
RN 271973425275403 2391811 14
MSI 271973425301171 2391811 4276219916
WK 271973425317331 2391788 29 0 0 swapper/29
WK 271973425325145 2391786 28 0 0 swapper/28
WK 271973425359930 2391778 24 0 0 swapper/24
WK 271973425508685 2391786 28 0 0 swapper/28
WK 271973425521148 2391784 27 0 0 swapper/27
WK 271973425526328 2397382 9 0 0 swapper/9
RN 271973425527751 2397382 9
WK 271973425538290 2391784 27 1 0 swapper/27
WK 271973425586700 2391783 11 0 0 swapper/11
WK 271973425779577 2391779 9 0 0 swapper/9
WK 271973425793233 2391786 28 1 0 swapper/28
NI 271973425938171 0 0
WK 271973425941958 2391956 16 0 0 swapper/16
RN 271973425943381 2391956 16
WK 271973425967336 2391780 25 0 0 swapper/25
MSI 271973425998213 2391956 4276285452
WK 271973426002681 2391785 12 0 0 swapper/12
MSI 271973426011517 2391956 4276285452
MSI 271973426014252 2391956 4276285452
MSI 271973426015815 2391956 4276285452
MSI 271973426017288 2391956 4276285452
MSI 271973426018811 2391956 4276285452
MSI 271973426020414 2391956 4276285452
MSI 271973426022037 2391956 4276285452
MSI 271973426023840 2391956 4276285452
MSI 271973426025223 2391956 4276285452
WK 271973426039389 2391787 13 0 0 swapper/13
WK 271973426046913 2391811 14 0 0 swapper/14
RN 271973426049718 2391811 14
WK 271973426052814 2391786 28 0 0 swapper/28
WK 271973426069044 2391811 14 0 0 swapper/14
RN 271973426071669 2391811 14
WK 271973426089682 2391811 14 0 0 swapper/14
RN 271973426092137 2391811 14
MSI 271973426102747 2391811 4276219916
WK 271973426106103 2391781 10 0 0 swapper/10
WK 271973426108287 2391811 14 0 0 swapper/14
RN 271973426109329 2391811 14
WK 271973426256181 2391811 14 0 0 swapper/14
RN 271973426258726 2391811 14
D0 271973426262503 2391811 519 3 768 1 1
WK 271973426271720 2391794 15 0 0 swapper/15
RN 271973426275266 2391794 15
WK 271973426289583 2397373 24 0 0 swapper/24
RN 271973426292719 2397373 24
WK 271973426293079 2391807 26 0 0 swapper/26
RN 271973426294853 2391807 26
WK 271973426303168 2391811 14 0 0 swapper/14
RN 271973426305873 2391811 14
WK 271973426314479 2391794 15 0 0 swapper/15
RN 271973426317164 2391794 15
WK 271973426324758 2397373 24 0 0 swapper/24
WK 271973426326812 2391807 26 0 0 swapper/26
RN 271973426328395 2397373 24
RN 271973426328565 2391807 26
WK 271973426334576 2391811 14 0 0 swapper/14
RN 271973426335758 2391811 14
MSI 271973426339455 2391811 4276219916
WK 271973426339345 2397385 12 0 0 swapper/12
RN 271973426341539 2397385 12
WK 271973426342030 2391781 10 0 0 swapper/10
WK 271973426401170 2391790 30 0 0 swapper/30
NI 271973426643028 0 0
WK 271973426653928 2391956 16 0 0 swapper/16
RN 271973426655201 2391956 16
WK 271973426658376 2397385 12 0 0 swapper/12
MSI 271973426658717 2391956 4276285452
RN 271973426660340 2397385 12
MSI 271973426661813 2391956 4276285452
WK 271973426662805 2391785 12 0 2397385 vkr-queue-1
MSI 271973426663496 2391956 4276285452
MSI 271973426665259 2391956 4276285452
MSI 271973426666812 2391956 4276285452
T 271973426667183 2397385 1 768
NI 271973426668405 0 0
MSI 271973426668435 2391956 4276285452
MSI 271973426670489 2391956 4276285452
MSI 271973426671942 2391956 4276285452
MSI 271973426673474 2391956 4276285452
WK 271973426673605 2397374 31 0 0 swapper/31
WK 271973426674346 2391785 12 0 2391956 nvgpu-events
RN 271973426675398 2397374 31
WF 271973426681379 2397374 1 1 768
WK 271973426686819 2391794 15 0 0 swapper/15
RN 271973426688923 2391794 15
NI 271973426692049 0 0
WK 271973426695926 2391807 26 0 0 swapper/26
RN 271973426697198 2391807 26
WK 271973426699703 2391811 14 0 0 swapper/14
RN 271973426700895 2391811 14
WK 271973426707858 2391955 27 0 0 swapper/27
RN 271973426709822 2391955 27
MSI 271973426720932 2391955 4276219916
WK 271973426724539 2391781 10 0 0 swapper/10
WK 271973426726693 2391778 24 0 0 swapper/24
WK 271973426736171 2391784 27 0 0 swapper/27
WK 271973426741521 2391777 8 0 0 swapper/8
WK 271973426827109 2391792 31 0 0 swapper/31
WK 271973426863176 2391778 24 0 0 swapper/24
WK 271973426866362 2391791 15 0 0 swapper/15
WK 271973426920062 2391781 10 0 0 swapper/10
WK 271973426980944 2391785 12 0 0 swapper/12
WK 271973427008465 2391789 14 0 0 swapper/14
WK 271973427066573 2391788 29 0 0 swapper/29
WK 271973427096358 2391787 13 0 0 swapper/13
WK 271973427110444 2391780 25 0 0 swapper/25
WK 271973427116526 2391787 13 0 0 swapper/13
WK 271973427122266 2391782 26 1 0 swapper/26
WK 271973427287663 2391784 27 0 0 swapper/27
WK 271973427336704 2391783 11 0 0 swapper/11
WK 271973427397917 2391781 10 0 0 swapper/10
WK 271973427402506 2391778 24 0 0 swapper/24
WK 271973427403929 2391786 28 0 0 swapper/28
WK 271973427406724 2391790 30 0 0 swapper/30
WK 271973427409759 2391783 11 0 0 swapper/11
WK 271973427416802 2391788 29 0 0 swapper/29
WK 271973427420359 2391791 15 0 0 swapper/15
WK 271973427685651 2391792 31 0 0 swapper/31
WK 271973427716388 2391780 25 0 0 swapper/25
WK 271973427728280 2391956 16 0 0 swapper/16
RN 271973427730594 2391956 16
WK 271973427731756 2391783 11 0 0 swapper/11
WK 271973427735924 2391778 24 0 0 swapper/24
WK 271973427748447 2391779 9 0 0 swapper/9
WK 271973427758135 2391781 10 0 0 swapper/10
WK 271973427762373 2391787 13 0 0 swapper/13
WK 271973427763836 2391786 28 0 0 swapper/28
WK 271973427766821 2391790 30 0 0 swapper/30
WK 271973427770188 2391784 27 0 0 swapper/27
WK 271973427771129 2391780 25 0 0 swapper/25
WK 271973427773444 2391782 26 0 0 swapper/26
WK 271973427776469 2391788 29 0 0 swapper/29
WK 271973427778593 2391792 31 0 0 swapper/31
WK 271973427779134 2391791 15 0 0 swapper/15
WK 271973427788832 2391787 13 0 0 swapper/13
WK 271973427790926 2391779 9 0 0 swapper/9
WK 271973427799983 2391786 28 0 0 swapper/28
WK 271973427820381 2391781 10 0 0 swapper/10
WK 271973427823607 2391778 24 0 0 swapper/24
WK 271973427824148 2391811 14 0 0 swapper/14
RN 271973427825230 2391811 14
WK 271973427825430 2391786 28 0 0 swapper/28
WK 271973427829157 2391790 30 0 0 swapper/30
WK 271973427830069 2391784 27 0 0 swapper/27
WK 271973427833244 2391782 26 0 0 swapper/26
WK 271973427835829 2391788 29 0 0 swapper/29
WK 271973427840879 2391791 15 0 0 swapper/15
MSI 271973427861747 2391811 4276219916
WK 271973427869301 2391779 9 0 0 swapper/9
WK 271973427896802 2391787 13 0 0 swapper/13
WK 271973427949630 2391781 10 0 0 swapper/10
WK 271973427957896 2391790 30 0 0 swapper/30
WK 271973427960691 2391784 27 0 0 swapper/27
WK 271973427965249 2391782 26 0 0 swapper/26
WK 271973427967443 2391788 29 0 0 swapper/29
WK 271973427970870 2391791 15 0 0 swapper/15
WK 271973428003250 2391792 31 0 0 swapper/31
WK 271973428021644 2391787 13 0 0 swapper/13
WK 271973428061027 2391811 14 0 0 swapper/14
RN 271973428065064 2391811 14
MSI 271973428073680 2391811 4276285452
MSI 271973428077357 2391811 4276219916
WK 271973428080282 2391785 12 0 0 swapper/12
WK 271973428080974 2391781 10 0 0 swapper/10
NI 271973428171622 0 0
NI 271973428217196 0 0
WK 271973428319676 2391778 24 0 0 swapper/24
WK 271973428411496 2391790 30 0 0 swapper/30
WK 271973428458524 2391781 10 0 0 swapper/10
NI 271973428502836 0 0
WK 271973428513335 2391956 16 0 0 swapper/16
RN 271973428514547 2391956 16
MSI 271973428518164 2391956 4276285452
MSI 271973428521049 2391956 4276285452
WK 271973428521230 2391778 24 0 0 swapper/24
WK 271973428521460 2391785 12 0 0 swapper/12
MSI 271973428522612 2391956 4276285452
MSI 271973428524616 2391956 4276285452
MSI 271973428526480 2391956 4276285452
MSI 271973428528353 2391956 4276285452
MSI 271973428530186 2391956 4276285452
WK 271973428530277 2391780 25 0 0 swapper/25
MSI 271973428536548 2391956 4276285452
MSI 271973428541387 2391956 4276285452
MSI 271973428542900 2391956 4276285452
WK 271973428562276 2391811 14 0 0 swapper/14
RN 271973428563588 2391811 14
WK 271973428564941 2391779 9 0 0 swapper/9
WK 271973428567976 2391792 31 0 0 swapper/31
WK 271973428582754 2391811 14 0 0 swapper/14
RN 271973428585329 2391811 14
WK 271973428600978 2391811 14 0 0 swapper/14
RN 271973428603542 2391811 14
MSI 271973428609323 2391811 4276219916
WK 271973428616106 2391791 15 0 0 swapper/15
WK 271973428622858 2391811 14 0 0 swapper/14
RN 271973428624111 2391811 14
WK 271973428641383 2391811 14 0 0 swapper/14
RN 271973428643997 2391811 14
MSI 271973428654296 2391811 4276219916
WK 271973428737200 2391778 24 0 0 swapper/24
NI 271973428796159 0 0
WK 271973428806839 2391956 16 0 0 swapper/16
RN 271973428808212 2391956 16
MSI 271973428811388 2391956 4276285452
MSI 271973428814103 2391956 4276285452
MSI 271973428815726 2391956 4276285452
WK 271973428815626 2391785 12 0 0 swapper/12
MSI 271973428817309 2391956 4276285452
MSI 271973428819192 2391956 4276285452
MSI 271973428821136 2391956 4276285452
MSI 271973428823210 2391956 4276285452
MSI 271973428825183 2391956 4276285452
MSI 271973428826866 2391956 4276285452
WK 271973428836705 2391792 31 0 0 swapper/31
WK 271973428853506 2391811 14 0 0 swapper/14
RN 271973428856071 2391811 14
WK 271973428864346 2391778 24 0 0 swapper/24
WK 271973428874014 2391782 26 0 0 swapper/26
WK 271973428880476 2391811 14 0 0 swapper/14
RN 271973428881608 2391811 14
MSI 271973428885445 2391811 4276219916
WK 271973428990860 2391785 12 0 0 swapper/12
WK 271973429009044 2391778 24 0 0 swapper/24
WK 271973429016117 2391789 14 0 0 swapper/14
WK 271973429074836 2391788 29 0 0 swapper/29
WK 271973429295886 2391784 27 0 0 swapper/27
WK 271973429337202 2391780 25 0 0 swapper/25
WK 271973429345297 2391783 11 0 0 swapper/11
WK 271973429355847 2391779 9 0 0 swapper/9
NI 271973429512127 0 0
WK 271973429522917 2391956 16 0 0 swapper/16
RN 271973429524249 2391956 16
MSI 271973429527495 2391956 4276285452
MSI 271973429530140 2391956 4276285452
WK 271973429531623 2391785 12 0 0 swapper/12
MSI 271973429531813 2391956 4276285452
MSI 271973429533897 2391956 4276285452
MSI 271973429535981 2391956 4276285452
MSI 271973429537914 2391956 4276285452
MSI 271973429539948 2391956 4276285452
MSI 271973429541721 2391956 4276285452
MSI 271973429543485 2391956 4276285452
WK 271973429567509 2391811 14 0 0 swapper/14
RN 271973429570294 2391811 14
WK 271973429592536 2391811 14 0 0 swapper/14
RN 271973429596263 2391811 14
MSI 271973429602975 2391811 4276219916
WK 271973429654450 2391778 24 0 0 swapper/24
WK 271973429727356 2391780 25 0 0 swapper/25
WK 271973429797616 2391787 13 0 0 swapper/13
WK 271973429798538 2391779 9 0 0 swapper/9
WK 271973429809578 2391786 28 0 0 swapper/28
WK 271973429928328 2391778 24 0 0 swapper/24
WK 271973430067696 2391778 24 0 0 swapper/24
WK 271973430072596 2391780 25 0 0 swapper/25
WK 271973430118641 2391780 25 0 0 swapper/25
WK 271973430129912 2391779 9 0 0 swapper/9
NI 271973430344680 0 0
WK 271973430355640 2391956 16 0 0 swapper/16
RN 271973430356953 2391956 16
MSI 271973430360209 2391956 4276285452
MSI 271973430362683 2391956 4276285452
WK 271973430364036 2391785 12 0 0 swapper/12
MSI 271973430364416 2391956 4276285452
MSI 271973430366370 2391956 4276285452
MSI 271973430368474 2391956 4276285452
MSI 271973430370368 2391956 4276285452
MSI 271973430372241 2391956 4276285452
MSI 271973430374074 2391956 4276285452
MSI 271973430375988 2391956 4276285452
WK 271973430403098 2391811 14 0 0 swapper/14
RN 271973430405893 2391811 14
WK 271973430421332 2391790 30 0 0 swapper/30
WK 271973430424728 2391778 24 0 0 swapper/24
WK 271973430427714 2391811 14 0 0 swapper/14
RN 271973430429397 2391811 14
MSI 271973430434927 2391811 4276219916
WK 271973430585005 2391792 31 0 0 swapper/31
WK 271973430627264 2391791 15 0 0 swapper/15
WK 271973430722110 2391778 24 0 0 swapper/24
WK 271973430726658 2391780 25 0 0 swapper/25
WK 271973430748058 2391780 25 0 0 swapper/25
WK 271973430768475 2391779 9 0 0 swapper/9
WK 271973430785557 2391777 8 0 0 swapper/8
WK 271973430795736 2391778 24 0 0 swapper/24
WK 271973430800926 2391779 9 0 0 swapper/9
WK 271973430834879 2391811 14 0 0 swapper/14
RN 271973430837473 2391811 14
NI 271973430841381 0 0
WK 271973430856879 2391777 8 0 0 swapper/8
MSI 271973430857891 2391811 4276219916
NI 271973430866046 0 0
WK 271973430881144 2391786 28 0 0 swapper/28
WK 271973430886404 2391782 26 0 0 swapper/26
WK 271973431001187 2391785 12 0 0 swapper/12
WK 271973431022486 2391789 14 0 0 swapper/14
WK 271973431028497 2391786 28 0 0 swapper/28
WK 271973431042283 2391784 27 0 0 swapper/27
WK 271973431084070 2391788 29 0 0 swapper/29
WK 271973431303577 2391784 27 0 0 swapper/27
WK 271973431351376 2391783 11 0 0 swapper/11
WK 271973431365973 2391777 8 0 0 swapper/8
NI 271973431420925 0 0
WK 271973431432045 2391956 16 0 0 swapper/16
RN 271973431433358 2391956 16
MSI 271973431437526 2391956 4276285452
MSI 271973431440171 2391956 4276285452
WK 271973431441693 2391785 12 0 0 swapper/12
MSI 271973431441934 2391956 4276285452
MSI 271973431443787 2391956 4276285452
MSI 271973431445701 2391956 4276285452
MSI 271973431447474 2391956 4276285452
MSI 271973431449207 2391956 4276285452
MSI 271973431451121 2391956 4276285452
MSI 271973431452774 2391956 4276285452
WK 271973431477239 2391811 14 0 0 swapper/14
RN 271973431480034 2391811 14
NI 271973431499921 0 0
WK 271973431502596 2391811 14 0 0 swapper/14
RN 271973431504430 2391811 14
MSI 271973431511132 2391811 4276219916
WK 271973431512745 2391956 16 0 0 swapper/16
RN 271973431514178 2391956 16
WK 271973431514128 2391781 10 0 0 swapper/10
MSI 271973431518616 2391956 4276285452
MSI 271973431521471 2391956 4276285452
MSI 271973431523385 2391956 4276285452
MSI 271973431525168 2391956 4276285452
MSI 271973431526981 2391956 4276285452
MSI 271973431528875 2391956 4276285452
MSI 271973431530758 2391956 4276285452
MSI 271973431532672 2391956 4276285452
MSI 271973431534375 2391956 4276285452
MSI 271973431538643 2391956 4276285452
WK 271973431539555 2391811 14 0 0 swapper/14
RN 271973431540817 2391811 14
WK 271973431546808 2391779 9 0 0 swapper/9
WK 271973431559782 2391811 14 0 0 swapper/14
RN 271973431562678 2391811 14
WK 271973431576533 2391811 14 0 0 swapper/14
RN 271973431579158 2391811 14
MSI 271973431591241 2391811 4276219916
WK 271973431720741 2391811 14 0 0 swapper/14
RN 271973431723285 2391811 14
D0 271973431726972 2391811 519 3 769 1 1
WK 271973431736269 2391794 15 0 0 swapper/15
WK 271973431736610 2391780 25 0 0 swapper/25
RN 271973431739806 2391794 15
WK 271973431755455 2397373 24 0 0 swapper/24
RN 271973431758180 2397373 24
WK 271973431761156 2391807 26 0 0 swapper/26
RN 271973431764472 2391807 26
WK 271973431773579 2391811 14 0 0 swapper/14
RN 271973431776143 2391811 14
WK 271973431784569 2391794 15 0 0 swapper/15
RN 271973431787975 2391794 15
WK 271973431795519 2397373 24 0 0 swapper/24
WK 271973431797884 2391807 26 0 0 swapper/26
RN 271973431799236 2397373 24
RN 271973431799867 2391807 26
WK 271973431805167 2391787 13 0 0 swapper/13
WK 271973431805708 2391811 14 0 0 swapper/14
RN 271973431806810 2391811 14
MSI 271973431809786 2391811 4276219916
WK 271973431809756 2397385 12 0 0 swapper/12
RN 271973431811669 2397385 12
WK 271973431811669 2391781 10 0 0 swapper/10
WK 271973431821317 2391786 28 0 0 swapper/28
NI 271973432169973 0 0
WK 271973432180793 2391956 16 0 0 swapper/16
RN 271973432182066 2391956 16
WK 271973432184901 2397385 12 0 0 swapper/12
MSI 271973432185302 2391956 4276285452
RN 271973432186274 2397385 12
